0 171 407 172 417 0 1 0 0 "punch"
0 171 407 172 417 1 1 0 1 "punch"
0 171 407 172 417 2 1 0 1 "punch"
0 171 407 172 417 3 1 0 1 "punch"
0 171 407 172 417 4 1 0 1 "punch"
0 171 407 172 417 5 1 0 1 "punch"
0 171 407 172 417 6 1 0 1 "punch"
0 171 407 172 417 7 1 0 1 "punch"
0 171 407 172 417 8 1 0 1 "punch"
0 171 407 172 417 9 1 0 1 "punch"
0 171 407 172 417 10 1 0 1 "punch"
0 171 407 172 417 11 1 0 1 "punch"
0 171 407 172 417 12 1 0 1 "punch"
0 171 407 172 417 13 1 0 1 "punch"
0 171 407 172 417 14 1 0 1 "punch"
0 171 407 172 417 15 1 0 1 "punch"
0 171 407 172 417 16 1 0 1 "punch"
0 171 407 172 417 17 1 0 1 "punch"
0 171 407 172 417 18 1 0 1 "punch"
0 171 407 172 417 19 1 0 1 "punch"
0 171 407 172 417 20 1 0 1 "punch"
0 171 407 172 417 21 1 0 1 "punch"
0 171 407 172 417 22 1 0 1 "punch"
0 171 407 172 417 23 1 0 1 "punch"
0 171 407 172 417 24 1 0 1 "punch"
0 171 407 172 417 25 1 0 1 "punch"
0 171 407 172 417 26 1 0 1 "punch"
0 171 407 172 417 27 1 0 1 "punch"
0 171 407 172 417 28 1 0 1 "punch"
0 171 407 172 417 29 1 0 1 "punch"
0 171 407 172 417 30 1 0 1 "punch"
0 171 407 172 417 31 1 0 1 "punch"
0 171 407 172 417 32 1 0 1 "punch"
0 171 407 172 417 33 1 0 1 "punch"
0 171 407 172 417 34 1 0 1 "punch"
0 171 407 172 417 35 1 0 1 "punch"
0 171 407 172 417 36 1 0 1 "punch"
0 171 407 172 417 37 1 0 1 "punch"
0 171 407 172 417 38 1 0 1 "punch"
0 171 407 172 417 39 1 0 1 "punch"
0 171 407 172 417 40 1 0 1 "punch"
0 171 407 172 417 41 1 0 1 "punch"
0 171 407 172 417 42 1 0 1 "punch"
0 171 407 172 417 43 1 0 1 "punch"
0 171 407 172 417 44 1 0 1 "punch"
0 171 407 172 417 45 1 0 1 "punch"
0 171 407 172 417 46 1 0 1 "punch"
0 171 407 172 417 47 1 0 1 "punch"
0 171 407 172 417 48 1 0 1 "punch"
0 171 407 172 417 49 1 0 1 "punch"
0 171 407 172 417 50 1 0 1 "punch"
0 171 407 172 417 51 1 0 1 "punch"
0 171 407 172 417 52 1 0 1 "punch"
0 171 407 172 417 53 1 0 1 "punch"
0 171 407 172 417 54 1 0 1 "punch"
0 171 407 172 417 55 1 0 1 "punch"
0 171 407 172 417 56 1 0 1 "punch"
0 171 407 172 417 57 1 0 1 "punch"
0 171 407 172 417 58 1 0 1 "punch"
0 171 407 172 417 59 1 0 1 "punch"
0 171 407 172 417 60 1 0 1 "punch"
0 171 407 172 417 61 1 0 1 "punch"
0 171 407 172 417 62 1 0 1 "punch"
0 171 407 172 417 63 1 0 1 "punch"
0 171 407 172 417 64 1 0 1 "punch"
0 171 407 172 417 65 1 0 1 "punch"
0 171 407 172 417 66 1 0 1 "punch"
0 171 407 172 417 67 1 0 1 "punch"
0 171 407 172 417 68 1 0 1 "punch"
0 171 407 172 417 69 1 0 1 "punch"
0 171 407 172 417 70 1 0 1 "punch"
0 171 407 172 417 71 1 0 1 "punch"
0 171 407 172 417 72 1 0 1 "punch"
0 171 407 172 417 73 1 0 1 "punch"
0 171 407 172 417 74 1 0 1 "punch"
0 171 407 172 417 75 1 0 1 "punch"
0 171 407 172 417 76 1 0 1 "punch"
0 171 407 172 417 77 1 0 1 "punch"
0 171 407 172 417 78 1 0 1 "punch"
0 171 407 172 417 79 1 0 1 "punch"
0 171 407 172 417 80 1 0 1 "punch"
0 171 407 172 417 81 1 0 1 "punch"
0 171 407 172 417 82 1 0 1 "punch"
0 171 407 172 417 83 1 0 1 "punch"
0 171 407 172 417 84 1 0 1 "punch"
0 171 407 172 417 85 1 0 1 "punch"
0 171 407 172 417 86 1 0 1 "punch"
0 171 407 172 417 87 1 0 1 "punch"
0 171 407 172 417 88 1 0 1 "punch"
0 171 407 172 417 89 1 0 1 "punch"
0 171 407 172 417 90 1 0 1 "punch"
0 171 407 172 417 91 1 0 1 "punch"
0 171 407 172 417 92 1 0 1 "punch"
0 171 407 172 417 93 1 0 1 "punch"
0 171 407 172 417 94 1 0 1 "punch"
0 171 407 172 417 95 1 0 1 "punch"
0 171 407 172 417 96 1 0 1 "punch"
0 171 407 172 417 97 1 0 1 "punch"
0 171 407 172 417 98 1 0 1 "punch"
0 171 407 172 417 99 1 0 1 "punch"
0 171 407 172 417 100 1 0 1 "punch"
0 171 407 172 417 101 1 0 1 "punch"
0 171 407 172 417 102 1 0 1 "punch"
0 171 407 172 417 103 1 0 1 "punch"
0 171 407 172 417 104 1 0 1 "punch"
0 171 407 172 417 105 1 0 1 "punch"
0 171 407 172 417 106 0 0 0 "punch" "Start"
0 171 407 172 417 107 0 0 1 "punch" "Start"
0 171 407 172 417 108 0 0 1 "punch" "Start"
0 171 407 172 417 109 0 0 1 "punch" "Start"
0 171 407 172 417 110 0 0 1 "punch" "Start"
0 171 407 172 417 111 0 0 1 "punch" "Start"
0 171 407 172 417 112 0 0 1 "punch" "Start"
0 171 407 172 417 113 0 0 1 "punch" "Start"
0 171 407 172 417 114 0 0 1 "punch" "Start"
0 171 407 172 417 115 0 0 1 "punch" "Start"
0 171 407 172 417 116 0 0 1 "punch" "Start"
0 171 407 172 417 117 0 0 1 "punch" "Start"
0 171 407 172 417 118 0 0 1 "punch" "Start"
0 171 407 172 417 119 0 0 1 "punch" "Start"
0 171 407 172 417 120 0 0 1 "punch" "Start"
0 171 407 172 417 121 0 0 1 "punch" "Start"
0 171 407 172 417 122 0 0 1 "punch" "Start"
0 171 407 172 417 123 0 0 1 "punch" "Start"
0 171 407 172 417 124 0 0 1 "punch" "Start"
0 171 407 172 417 125 0 0 1 "punch" "Start"
0 171 407 172 417 126 0 0 1 "punch" "Start"
0 171 407 172 417 127 0 0 1 "punch" "Start"
0 171 407 172 417 128 0 0 1 "punch" "Start"
0 171 407 172 417 129 0 0 1 "punch" "Start"
0 171 407 172 417 130 0 0 1 "punch" "Start"
0 171 407 172 417 131 0 0 1 "punch" "Start"
0 171 407 172 417 132 0 0 1 "punch" "Start"
0 171 407 172 417 133 0 0 1 "punch" "Start"
0 171 407 172 417 134 0 0 1 "punch" "Start"
0 171 407 172 417 135 0 0 1 "punch" "Start"
0 171 407 172 417 136 0 0 1 "punch" "Start"
0 171 407 172 417 137 0 0 1 "punch" "Start"
0 171 407 172 417 138 0 0 1 "punch" "Start"
0 171 407 172 417 139 0 0 1 "punch" "Start"
0 171 407 172 417 140 0 0 1 "punch" "Start"
0 171 407 172 417 141 0 0 1 "punch" "Start"
0 171 407 172 417 142 0 0 1 "punch" "Start"
0 171 407 172 417 143 0 0 1 "punch" "Start"
0 171 407 172 417 144 0 0 1 "punch" "Start"
0 171 407 172 417 145 0 0 1 "punch" "Start"
0 171 407 172 417 146 0 0 1 "punch" "Start"
0 171 407 172 417 147 0 0 1 "punch" "Start"
0 171 407 172 417 148 0 0 1 "punch" "Start"
0 171 407 172 417 149 0 0 1 "punch" "Start"
0 171 407 172 417 150 0 0 1 "punch" "Start"
0 171 407 172 417 151 0 0 1 "punch" "Start"
0 171 407 172 417 152 0 0 1 "punch" "Start"
0 171 407 172 417 153 0 0 1 "punch" "Start"
0 171 407 172 417 154 0 0 1 "punch" "Start"
0 171 407 172 417 155 0 0 1 "punch" "Start"
0 171 407 172 417 156 0 0 1 "punch" "Start"
0 171 407 172 417 157 0 0 1 "punch" "Start"
0 171 407 172 417 158 0 0 1 "punch" "Start"
0 171 407 172 417 159 0 0 1 "punch" "Start"
0 171 407 172 417 160 0 0 1 "punch" "Start"
0 171 407 172 417 161 0 0 1 "punch" "Start"
0 171 407 172 417 162 0 0 1 "punch" "Start"
0 171 407 172 417 163 0 0 1 "punch" "Start"
0 171 407 172 417 164 0 0 1 "punch" "Start"
0 171 407 172 417 165 0 0 1 "punch" "Start"
0 171 407 172 417 166 0 0 1 "punch" "Start"
0 171 407 172 417 167 0 0 1 "punch" "Start"
0 171 407 172 417 168 0 0 1 "punch" "Start"
0 171 407 172 417 169 0 0 1 "punch" "Start"
0 171 407 172 417 170 0 0 1 "punch" "Start"
0 171 407 172 417 171 0 0 1 "punch" "Start"
0 171 407 172 417 172 0 0 1 "punch" "Start"
0 171 407 172 417 173 0 0 1 "punch" "Start"
0 171 407 172 417 174 0 0 1 "punch" "Start"
0 171 407 172 417 175 0 0 1 "punch" "Start"
0 171 407 172 417 176 0 0 1 "punch" "Start"
0 171 407 172 417 177 0 0 1 "punch" "Start"
0 171 407 172 417 178 0 0 1 "punch" "Start"
0 171 407 172 417 179 0 0 1 "punch" "Start"
0 171 407 172 417 180 0 0 1 "punch" "Start"
0 171 407 172 417 181 0 0 1 "punch" "Start"
0 171 407 172 417 182 0 0 1 "punch" "Start"
0 171 407 172 417 183 0 0 1 "punch" "Start"
0 171 407 172 417 184 0 0 1 "punch" "Start"
0 171 407 172 417 185 0 0 1 "punch" "Start"
0 171 407 172 417 186 0 0 1 "punch" "Start"
0 171 407 172 417 187 0 0 1 "punch" "Start"
0 171 407 172 417 188 0 0 1 "punch" "Start"
0 171 407 172 417 189 0 0 1 "punch" "Start"
0 171 407 172 417 190 0 0 1 "punch" "Start"
0 171 407 172 417 191 0 0 1 "punch" "Start"
0 171 407 172 417 192 0 0 1 "punch" "Start"
0 171 407 172 417 193 0 0 1 "punch" "Start"
0 171 407 172 417 194 0 0 1 "punch" "Start"
0 171 407 172 417 195 0 0 1 "punch" "Start"
0 171 407 172 417 196 0 0 1 "punch" "Start"
0 171 407 172 417 197 0 0 1 "punch" "Start"
0 171 407 172 417 198 0 0 1 "punch" "Start"
0 171 407 172 417 199 0 0 1 "punch" "Start"
0 171 407 172 417 200 0 0 1 "punch" "Start"
0 171 407 172 417 201 0 0 1 "punch" "Start"
0 171 407 172 417 202 0 0 1 "punch" "Start"
0 171 407 172 417 203 0 0 1 "punch" "Start"
0 171 407 172 417 204 0 0 1 "punch" "Start"
0 171 407 172 417 205 0 0 1 "punch" "Start"
0 171 407 172 417 206 0 0 1 "punch" "Start"
0 171 407 172 417 207 0 0 1 "punch" "Start"
0 171 407 172 417 208 0 0 1 "punch" "Start"
0 171 407 172 417 209 0 0 1 "punch" "Start"
0 171 407 172 417 210 0 0 1 "punch" "Start"
0 171 407 172 417 211 0 0 1 "punch" "Start"
0 171 407 172 417 212 0 0 1 "punch" "Start"
0 171 407 172 417 213 0 0 1 "punch" "Start"
0 171 407 172 417 214 0 0 1 "punch" "Start"
0 171 407 172 417 215 0 0 1 "punch" "Start"
0 171 407 172 417 216 0 0 1 "punch" "Start"
0 171 407 172 417 217 0 0 1 "punch" "Start"
0 171 407 172 417 218 0 0 1 "punch" "Start"
0 171 407 172 417 219 0 0 1 "punch" "Start"
0 171 407 172 417 220 0 0 1 "punch" "Start"
0 171 407 172 417 221 0 0 1 "punch" "Start"
0 171 407 172 417 222 0 0 1 "punch" "Start"
0 171 407 172 417 223 0 0 1 "punch" "Start"
0 171 407 172 417 224 0 0 1 "punch" "Start"
0 171 407 172 417 225 0 0 1 "punch" "Start"
0 171 407 172 417 226 0 0 1 "punch" "Start"
0 171 407 172 417 227 0 0 1 "punch" "Start"
0 171 407 172 417 228 0 0 1 "punch" "Start"
0 171 407 172 417 229 0 0 1 "punch" "Start"
0 171 407 172 417 230 0 0 1 "punch" "Start"
0 171 407 172 417 231 0 0 1 "punch" "Start"
0 171 407 172 417 232 0 0 1 "punch" "Start"
0 171 407 172 417 233 0 0 1 "punch" "Start"
0 171 407 172 417 234 0 0 1 "punch" "Start"
0 171 407 172 417 235 0 0 1 "punch" "Start"
0 171 407 172 417 236 0 0 1 "punch" "Start"
0 171 407 172 417 237 0 0 1 "punch" "Start"
0 171 407 172 417 238 0 0 1 "punch" "Start"
0 171 407 172 417 239 0 0 1 "punch" "Start"
0 171 407 172 417 240 0 0 1 "punch" "Start"
0 171 407 172 417 241 0 0 1 "punch" "Start"
0 171 407 172 417 242 0 0 1 "punch" "Start"
0 171 407 172 417 243 0 0 1 "punch" "Start"
0 171 407 172 417 244 0 0 1 "punch" "Start"
0 171 407 172 417 245 0 0 1 "punch" "Start"
0 171 407 172 417 246 0 0 1 "punch" "Start"
0 171 407 172 417 247 0 0 1 "punch" "Start"
0 171 407 172 417 248 0 0 1 "punch" "Start"
0 171 407 172 417 249 0 0 1 "punch" "Start"
0 171 407 172 417 250 0 0 1 "punch" "Start"
0 171 407 172 417 251 0 0 1 "punch" "Start"
0 171 407 172 417 252 0 0 1 "punch" "Start"
0 171 407 172 417 253 0 0 1 "punch" "Start"
0 171 407 172 417 254 0 0 1 "punch" "Start"
0 171 407 172 417 255 0 0 1 "punch" "Start"
0 171 407 172 417 256 0 0 1 "punch" "Start"
0 171 407 172 417 257 0 0 1 "punch" "Start"
0 171 407 172 417 258 0 0 1 "punch" "Start"
0 171 407 172 417 259 0 0 1 "punch" "Start"
0 171 407 172 417 260 0 0 1 "punch" "Start"
0 171 407 172 417 261 0 0 1 "punch" "Start"
0 171 407 172 417 262 0 0 1 "punch" "Start"
0 171 407 172 417 263 0 0 1 "punch" "Start"
0 171 407 172 417 264 0 0 1 "punch" "Start"
0 171 407 172 417 265 0 0 1 "punch" "Start"
0 171 407 172 417 266 0 0 1 "punch" "Start"
0 171 407 172 417 267 0 0 1 "punch" "Start"
0 171 407 172 417 268 0 0 1 "punch" "Start"
0 171 407 172 417 269 0 0 1 "punch" "Start"
0 171 407 172 417 270 0 0 1 "punch" "Start"
0 171 407 172 417 271 0 0 1 "punch" "Start"
0 171 407 172 417 272 0 0 1 "punch" "Start"
0 171 407 172 417 273 0 0 1 "punch" "Start"
0 171 407 172 417 274 0 0 1 "punch" "Start"
0 171 407 172 417 275 0 0 1 "punch" "Start"
0 171 407 172 417 276 0 0 1 "punch" "Start"
0 171 407 172 417 277 0 0 1 "punch" "Start"
0 171 407 172 417 278 0 0 1 "punch" "Start"
0 171 407 172 417 279 0 0 1 "punch" "Start"
0 171 407 172 417 280 0 0 1 "punch" "Start"
0 171 407 172 417 281 0 0 1 "punch" "Start"
0 171 407 172 417 282 0 0 1 "punch" "Start"
0 171 407 172 417 283 0 0 1 "punch" "Start"
0 171 407 172 417 284 0 0 1 "punch" "Start"
0 171 407 172 417 285 0 0 1 "punch" "Start"
0 171 407 172 417 286 0 0 1 "punch" "Start"
0 171 407 172 417 287 0 0 1 "punch" "Start"
0 171 407 172 417 288 0 0 1 "punch" "Start"
0 171 407 172 417 289 0 0 1 "punch" "Start"
0 171 407 172 417 290 0 0 1 "punch" "Start"
0 171 407 172 417 291 0 0 1 "punch" "Start"
0 171 407 172 417 292 0 0 1 "punch" "Start"
0 171 407 172 417 293 0 0 1 "punch" "Start"
0 171 407 172 417 294 0 0 1 "punch" "Start"
0 171 407 172 417 295 0 0 1 "punch" "Start"
0 171 407 172 417 296 0 0 1 "punch" "Start"
0 171 407 172 417 297 0 0 1 "punch" "Start"
0 171 407 172 417 298 0 0 1 "punch" "Start"
0 171 407 172 417 299 0 0 1 "punch" "Start"
0 171 407 172 417 300 0 0 1 "punch" "Start"
0 171 407 172 417 301 0 0 1 "punch" "Start"
0 171 407 172 417 302 0 0 1 "punch" "Start"
0 171 407 172 417 303 0 0 1 "punch" "Start"
0 171 407 172 417 304 0 0 1 "punch" "Start"
0 171 407 172 417 305 0 0 1 "punch" "Start"
0 171 407 172 417 306 0 0 1 "punch" "Start"
0 171 407 172 417 307 0 0 1 "punch" "Start"
0 171 407 172 417 308 0 0 1 "punch" "Start"
0 171 407 172 417 309 0 0 1 "punch" "Start"
0 171 407 172 417 310 0 0 1 "punch" "Start"
0 171 407 172 417 311 0 0 1 "punch" "Start"
0 171 407 172 417 312 0 0 1 "punch" "Start"
0 171 407 172 417 313 0 0 1 "punch" "Start"
0 171 407 172 417 314 0 0 1 "punch" "Start"
0 171 407 172 417 315 0 0 1 "punch" "Start"
0 171 407 172 417 316 0 0 1 "punch" "Start"
0 171 407 172 417 317 0 0 1 "punch" "Start"
0 171 407 172 417 318 0 0 1 "punch" "Start"
0 171 407 172 417 319 0 0 1 "punch" "Start"
0 171 407 172 417 320 0 0 1 "punch" "Start"
0 171 407 172 417 321 0 0 0 "punch" "Start"
1 280 407 281 417 0 1 0 0 "punch"
1 280 407 281 417 1 1 0 1 "punch"
1 280 407 281 417 2 1 0 1 "punch"
1 280 407 281 417 3 1 0 1 "punch"
1 280 407 281 417 4 1 0 1 "punch"
1 280 407 281 417 5 1 0 1 "punch"
1 280 407 281 417 6 1 0 1 "punch"
1 280 407 281 417 7 1 0 1 "punch"
1 280 407 281 417 8 1 0 1 "punch"
1 280 407 281 417 9 1 0 1 "punch"
1 280 407 281 417 10 1 0 1 "punch"
1 280 407 281 417 11 1 0 1 "punch"
1 280 407 281 417 12 1 0 1 "punch"
1 280 407 281 417 13 1 0 1 "punch"
1 280 407 281 417 14 1 0 1 "punch"
1 280 407 281 417 15 1 0 1 "punch"
1 280 407 281 417 16 1 0 1 "punch"
1 280 407 281 417 17 1 0 1 "punch"
1 280 407 281 417 18 1 0 1 "punch"
1 280 407 281 417 19 1 0 1 "punch"
1 280 407 281 417 20 1 0 1 "punch"
1 280 407 281 417 21 1 0 1 "punch"
1 280 407 281 417 22 1 0 1 "punch"
1 280 407 281 417 23 1 0 1 "punch"
1 280 407 281 417 24 1 0 1 "punch"
1 280 407 281 417 25 1 0 1 "punch"
1 280 407 281 417 26 1 0 1 "punch"
1 280 407 281 417 27 1 0 1 "punch"
1 280 407 281 417 28 1 0 1 "punch"
1 280 407 281 417 29 1 0 1 "punch"
1 280 407 281 417 30 1 0 1 "punch"
1 280 407 281 417 31 1 0 1 "punch"
1 280 407 281 417 32 1 0 1 "punch"
1 280 407 281 417 33 1 0 1 "punch"
1 280 407 281 417 34 1 0 1 "punch"
1 280 407 281 417 35 1 0 1 "punch"
1 280 407 281 417 36 1 0 1 "punch"
1 280 407 281 417 37 1 0 1 "punch"
1 280 407 281 417 38 1 0 1 "punch"
1 280 407 281 417 39 1 0 1 "punch"
1 280 407 281 417 40 1 0 1 "punch"
1 280 407 281 417 41 1 0 1 "punch"
1 280 407 281 417 42 1 0 1 "punch"
1 280 407 281 417 43 1 0 1 "punch"
1 280 407 281 417 44 1 0 1 "punch"
1 280 407 281 417 45 1 0 1 "punch"
1 280 407 281 417 46 1 0 1 "punch"
1 280 407 281 417 47 1 0 1 "punch"
1 280 407 281 417 48 1 0 1 "punch"
1 280 407 281 417 49 1 0 1 "punch"
1 280 407 281 417 50 1 0 1 "punch"
1 280 407 281 417 51 1 0 1 "punch"
1 280 407 281 417 52 1 0 1 "punch"
1 280 407 281 417 53 1 0 1 "punch"
1 280 407 281 417 54 1 0 1 "punch"
1 280 407 281 417 55 1 0 1 "punch"
1 280 407 281 417 56 1 0 1 "punch"
1 280 407 281 417 57 1 0 1 "punch"
1 280 407 281 417 58 1 0 1 "punch"
1 280 407 281 417 59 1 0 1 "punch"
1 280 407 281 417 60 1 0 1 "punch"
1 280 407 281 417 61 1 0 1 "punch"
1 280 407 281 417 62 1 0 1 "punch"
1 280 407 281 417 63 1 0 1 "punch"
1 280 407 281 417 64 1 0 1 "punch"
1 280 407 281 417 65 1 0 1 "punch"
1 280 407 281 417 66 1 0 1 "punch"
1 280 407 281 417 67 1 0 1 "punch"
1 280 407 281 417 68 1 0 1 "punch"
1 280 407 281 417 69 1 0 1 "punch"
1 280 407 281 417 70 1 0 1 "punch"
1 280 407 281 417 71 1 0 1 "punch"
1 280 407 281 417 72 1 0 1 "punch"
1 280 407 281 417 73 1 0 1 "punch"
1 280 407 281 417 74 1 0 1 "punch"
1 280 407 281 417 75 1 0 1 "punch"
1 280 407 281 417 76 1 0 1 "punch"
1 280 407 281 417 77 1 0 1 "punch"
1 280 407 281 417 78 1 0 1 "punch"
1 280 407 281 417 79 1 0 1 "punch"
1 280 407 281 417 80 1 0 1 "punch"
1 280 407 281 417 81 1 0 1 "punch"
1 280 407 281 417 82 1 0 1 "punch"
1 280 407 281 417 83 1 0 1 "punch"
1 280 407 281 417 84 1 0 1 "punch"
1 280 407 281 417 85 1 0 1 "punch"
1 280 407 281 417 86 1 0 1 "punch"
1 280 407 281 417 87 1 0 1 "punch"
1 280 407 281 417 88 1 0 1 "punch"
1 280 407 281 417 89 1 0 1 "punch"
1 280 407 281 417 90 1 0 1 "punch"
1 280 407 281 417 91 1 0 1 "punch"
1 280 407 281 417 92 1 0 1 "punch"
1 280 407 281 417 93 1 0 1 "punch"
1 280 407 281 417 94 1 0 1 "punch"
1 280 407 281 417 95 1 0 1 "punch"
1 280 407 281 417 96 1 0 1 "punch"
1 280 407 281 417 97 1 0 1 "punch"
1 280 407 281 417 98 1 0 1 "punch"
1 280 407 281 417 99 1 0 1 "punch"
1 280 407 281 417 100 1 0 1 "punch"
1 280 407 281 417 101 1 0 1 "punch"
1 280 407 281 417 102 1 0 1 "punch"
1 280 407 281 417 103 1 0 1 "punch"
1 280 407 281 417 104 1 0 1 "punch"
1 280 407 281 417 105 1 0 1 "punch"
1 280 407 281 417 106 1 0 1 "punch"
1 280 407 281 417 107 1 0 1 "punch"
1 280 407 281 417 108 1 0 1 "punch"
1 280 407 281 417 109 1 0 1 "punch"
1 280 407 281 417 110 1 0 1 "punch"
1 280 407 281 417 111 1 0 1 "punch"
1 280 407 281 417 112 1 0 1 "punch"
1 280 407 281 417 113 1 0 1 "punch"
1 280 407 281 417 114 1 0 1 "punch"
1 280 407 281 417 115 1 0 1 "punch"
1 280 407 281 417 116 1 0 1 "punch"
1 280 407 281 417 117 1 0 1 "punch"
1 280 407 281 417 118 1 0 1 "punch"
1 280 407 281 417 119 1 0 1 "punch"
1 280 407 281 417 120 1 0 1 "punch"
1 280 407 281 417 121 1 0 1 "punch"
1 280 407 281 417 122 1 0 1 "punch"
1 280 407 281 417 123 1 0 1 "punch"
1 280 407 281 417 124 1 0 1 "punch"
1 280 407 281 417 125 1 0 1 "punch"
1 280 407 281 417 126 1 0 1 "punch"
1 280 407 281 417 127 1 0 1 "punch"
1 280 407 281 417 128 1 0 1 "punch"
1 280 407 281 417 129 1 0 1 "punch"
1 280 407 281 417 130 1 0 1 "punch"
1 280 407 281 417 131 1 0 1 "punch"
1 280 407 281 417 132 1 0 1 "punch"
1 280 407 281 417 133 1 0 1 "punch"
1 280 407 281 417 134 1 0 1 "punch"
1 280 407 281 417 135 1 0 1 "punch"
1 280 407 281 417 136 1 0 1 "punch"
1 280 407 281 417 137 1 0 1 "punch"
1 280 407 281 417 138 1 0 1 "punch"
1 280 407 281 417 139 1 0 1 "punch"
1 280 407 281 417 140 1 0 1 "punch"
1 280 407 281 417 141 1 0 1 "punch"
1 280 407 281 417 142 1 0 1 "punch"
1 280 407 281 417 143 1 0 1 "punch"
1 280 407 281 417 144 1 0 1 "punch"
1 280 407 281 417 145 1 0 1 "punch"
1 280 407 281 417 146 1 0 1 "punch"
1 280 407 281 417 147 1 0 1 "punch"
1 280 407 281 417 148 1 0 1 "punch"
1 280 407 281 417 149 1 0 1 "punch"
1 280 407 281 417 150 1 0 1 "punch"
1 280 407 281 417 151 1 0 1 "punch"
1 280 407 281 417 152 1 0 1 "punch"
1 280 407 281 417 153 1 0 1 "punch"
1 280 407 281 417 154 1 0 1 "punch"
1 280 407 281 417 155 1 0 1 "punch"
1 280 407 281 417 156 1 0 1 "punch"
1 280 407 281 417 157 1 0 1 "punch"
1 280 407 281 417 158 1 0 1 "punch"
1 280 407 281 417 159 1 0 1 "punch"
1 280 407 281 417 160 1 0 1 "punch"
1 280 407 281 417 161 1 0 1 "punch"
1 280 407 281 417 162 1 0 1 "punch"
1 280 407 281 417 163 1 0 1 "punch"
1 280 407 281 417 164 1 0 1 "punch"
1 280 407 281 417 165 1 0 1 "punch"
1 280 407 281 417 166 1 0 1 "punch"
1 280 407 281 417 167 1 0 1 "punch"
1 280 407 281 417 168 1 0 1 "punch"
1 280 407 281 417 169 1 0 1 "punch"
1 280 407 281 417 170 1 0 1 "punch"
1 280 407 281 417 171 1 0 1 "punch"
1 280 407 281 417 172 1 0 1 "punch"
1 280 407 281 417 173 0 0 0 "punch" "End"
1 280 407 281 417 174 0 0 1 "punch" "End"
1 280 407 281 417 175 0 0 1 "punch" "End"
1 280 407 281 417 176 0 0 1 "punch" "End"
1 280 407 281 417 177 0 0 1 "punch" "End"
1 280 407 281 417 178 0 0 1 "punch" "End"
1 280 407 281 417 179 0 0 1 "punch" "End"
1 280 407 281 417 180 0 0 1 "punch" "End"
1 280 407 281 417 181 0 0 1 "punch" "End"
1 280 407 281 417 182 0 0 1 "punch" "End"
1 280 407 281 417 183 0 0 1 "punch" "End"
1 280 407 281 417 184 0 0 1 "punch" "End"
1 280 407 281 417 185 0 0 1 "punch" "End"
1 280 407 281 417 186 0 0 1 "punch" "End"
1 280 407 281 417 187 0 0 1 "punch" "End"
1 280 407 281 417 188 0 0 1 "punch" "End"
1 280 407 281 417 189 0 0 1 "punch" "End"
1 280 407 281 417 190 0 0 1 "punch" "End"
1 280 407 281 417 191 0 0 1 "punch" "End"
1 280 407 281 417 192 0 0 1 "punch" "End"
1 280 407 281 417 193 0 0 1 "punch" "End"
1 280 407 281 417 194 0 0 1 "punch" "End"
1 280 407 281 417 195 0 0 1 "punch" "End"
1 280 407 281 417 196 0 0 1 "punch" "End"
1 280 407 281 417 197 0 0 1 "punch" "End"
1 280 407 281 417 198 0 0 1 "punch" "End"
1 280 407 281 417 199 0 0 1 "punch" "End"
1 280 407 281 417 200 0 0 1 "punch" "End"
1 280 407 281 417 201 0 0 1 "punch" "End"
1 280 407 281 417 202 0 0 1 "punch" "End"
1 280 407 281 417 203 0 0 1 "punch" "End"
1 280 407 281 417 204 0 0 1 "punch" "End"
1 280 407 281 417 205 0 0 1 "punch" "End"
1 280 407 281 417 206 0 0 1 "punch" "End"
1 280 407 281 417 207 0 0 1 "punch" "End"
1 280 407 281 417 208 0 0 1 "punch" "End"
1 280 407 281 417 209 0 0 1 "punch" "End"
1 280 407 281 417 210 0 0 1 "punch" "End"
1 280 407 281 417 211 0 0 1 "punch" "End"
1 280 407 281 417 212 0 0 1 "punch" "End"
1 280 407 281 417 213 0 0 1 "punch" "End"
1 280 407 281 417 214 0 0 1 "punch" "End"
1 280 407 281 417 215 0 0 1 "punch" "End"
1 280 407 281 417 216 0 0 1 "punch" "End"
1 280 407 281 417 217 0 0 1 "punch" "End"
1 280 407 281 417 218 0 0 1 "punch" "End"
1 280 407 281 417 219 0 0 1 "punch" "End"
1 280 407 281 417 220 0 0 1 "punch" "End"
1 280 407 281 417 221 0 0 1 "punch" "End"
1 280 407 281 417 222 0 0 1 "punch" "End"
1 280 407 281 417 223 0 0 1 "punch" "End"
1 280 407 281 417 224 0 0 1 "punch" "End"
1 280 407 281 417 225 0 0 1 "punch" "End"
1 280 407 281 417 226 0 0 1 "punch" "End"
1 280 407 281 417 227 0 0 1 "punch" "End"
1 280 407 281 417 228 0 0 1 "punch" "End"
1 280 407 281 417 229 0 0 1 "punch" "End"
1 280 407 281 417 230 0 0 1 "punch" "End"
1 280 407 281 417 231 0 0 1 "punch" "End"
1 280 407 281 417 232 0 0 1 "punch" "End"
1 280 407 281 417 233 0 0 1 "punch" "End"
1 280 407 281 417 234 0 0 1 "punch" "End"
1 280 407 281 417 235 0 0 1 "punch" "End"
1 280 407 281 417 236 0 0 1 "punch" "End"
1 280 407 281 417 237 0 0 1 "punch" "End"
1 280 407 281 417 238 0 0 1 "punch" "End"
1 280 407 281 417 239 0 0 1 "punch" "End"
1 280 407 281 417 240 0 0 1 "punch" "End"
1 280 407 281 417 241 0 0 1 "punch" "End"
1 280 407 281 417 242 0 0 1 "punch" "End"
1 280 407 281 417 243 0 0 1 "punch" "End"
1 280 407 281 417 244 0 0 1 "punch" "End"
1 280 407 281 417 245 0 0 1 "punch" "End"
1 280 407 281 417 246 0 0 1 "punch" "End"
1 280 407 281 417 247 0 0 1 "punch" "End"
1 280 407 281 417 248 0 0 1 "punch" "End"
1 280 407 281 417 249 0 0 1 "punch" "End"
1 280 407 281 417 250 0 0 1 "punch" "End"
1 280 407 281 417 251 0 0 1 "punch" "End"
1 280 407 281 417 252 0 0 1 "punch" "End"
1 280 407 281 417 253 0 0 1 "punch" "End"
1 280 407 281 417 254 0 0 1 "punch" "End"
1 280 407 281 417 255 0 0 1 "punch" "End"
1 280 407 281 417 256 0 0 1 "punch" "End"
1 280 407 281 417 257 0 0 1 "punch" "End"
1 280 407 281 417 258 0 0 1 "punch" "End"
1 280 407 281 417 259 0 0 1 "punch" "End"
1 280 407 281 417 260 0 0 1 "punch" "End"
1 280 407 281 417 261 0 0 1 "punch" "End"
1 280 407 281 417 262 0 0 1 "punch" "End"
1 280 407 281 417 263 0 0 1 "punch" "End"
1 280 407 281 417 264 0 0 1 "punch" "End"
1 280 407 281 417 265 0 0 1 "punch" "End"
1 280 407 281 417 266 0 0 1 "punch" "End"
1 280 407 281 417 267 0 0 1 "punch" "End"
1 280 407 281 417 268 0 0 1 "punch" "End"
1 280 407 281 417 269 0 0 1 "punch" "End"
1 280 407 281 417 270 0 0 1 "punch" "End"
1 280 407 281 417 271 0 0 1 "punch" "End"
1 280 407 281 417 272 0 0 1 "punch" "End"
1 280 407 281 417 273 0 0 1 "punch" "End"
1 280 407 281 417 274 0 0 1 "punch" "End"
1 280 407 281 417 275 0 0 1 "punch" "End"
1 280 407 281 417 276 0 0 1 "punch" "End"
1 280 407 281 417 277 0 0 1 "punch" "End"
1 280 407 281 417 278 0 0 1 "punch" "End"
1 280 407 281 417 279 0 0 1 "punch" "End"
1 280 407 281 417 280 0 0 1 "punch" "End"
1 280 407 281 417 281 0 0 1 "punch" "End"
1 280 407 281 417 282 0 0 1 "punch" "End"
1 280 407 281 417 283 0 0 1 "punch" "End"
1 280 407 281 417 284 0 0 1 "punch" "End"
1 280 407 281 417 285 0 0 1 "punch" "End"
1 280 407 281 417 286 0 0 1 "punch" "End"
1 280 407 281 417 287 0 0 1 "punch" "End"
1 280 407 281 417 288 0 0 1 "punch" "End"
1 280 407 281 417 289 0 0 1 "punch" "End"
1 280 407 281 417 290 0 0 1 "punch" "End"
1 280 407 281 417 291 0 0 1 "punch" "End"
1 280 407 281 417 292 0 0 1 "punch" "End"
1 280 407 281 417 293 0 0 1 "punch" "End"
1 280 407 281 417 294 0 0 1 "punch" "End"
1 280 407 281 417 295 0 0 1 "punch" "End"
1 280 407 281 417 296 0 0 1 "punch" "End"
1 280 407 281 417 297 0 0 1 "punch" "End"
1 280 407 281 417 298 0 0 1 "punch" "End"
1 280 407 281 417 299 0 0 1 "punch" "End"
1 280 407 281 417 300 0 0 1 "punch" "End"
1 280 407 281 417 301 0 0 1 "punch" "End"
1 280 407 281 417 302 0 0 1 "punch" "End"
1 280 407 281 417 303 0 0 1 "punch" "End"
1 280 407 281 417 304 0 0 1 "punch" "End"
1 280 407 281 417 305 0 0 1 "punch" "End"
1 280 407 281 417 306 0 0 1 "punch" "End"
1 280 407 281 417 307 0 0 1 "punch" "End"
1 280 407 281 417 308 0 0 1 "punch" "End"
1 280 407 281 417 309 0 0 1 "punch" "End"
1 280 407 281 417 310 0 0 1 "punch" "End"
1 280 407 281 417 311 0 0 1 "punch" "End"
1 280 407 281 417 312 0 0 1 "punch" "End"
1 280 407 281 417 313 0 0 1 "punch" "End"
1 280 407 281 417 314 0 0 1 "punch" "End"
1 280 407 281 417 315 0 0 1 "punch" "End"
1 280 407 281 417 316 0 0 1 "punch" "End"
1 280 407 281 417 317 0 0 1 "punch" "End"
1 280 407 281 417 318 0 0 1 "punch" "End"
1 280 407 281 417 319 0 0 1 "punch" "End"
1 280 407 281 417 320 0 0 1 "punch" "End"
1 280 407 281 417 321 0 0 0 "punch" "End"
